2
96 
15 12 
9 10 
-16 3 
-15 15 
11 -10 
-5 20 
-3 -15 
-11 -8 
-8 -3 
3 6 
15 -14 
-16 -18 
-6 -8 
14 9 
-1 -7 
-1 -2 
3 11 
6 20 
10 -7 
0 14 
19 -18 
-10 -15 
-17 -1 
8 7 
20 -18 
-4 -9 
-9 16 
10 14 
-14 -15 
-2 -10 
-18 9 
7 -5 
-12 11 
-17 -6 
5 -17 
-2 -20 
15 -2 
-5 -16 
1 -20 
19 -12 
-14 -1 
18 10 
1 -20 
-15 19 
-18 13 
13 -3 
-16 -17 
1 0 
20 -18 
7 19 
1 -6 
-7 -11 
7 1 
-15 12 
-1 7 
-3 -13 
-11 2 
-17 -5 
-12 -14 
15 -3 
15 -11 
7 3 
19 7 
-15 19 
10 -14 
-14 5 
0 -1 
-12 -4 
4 18 
7 -3 
-5 -3 
1 -11 1 -1 2 16 6 -6 -17 9 14 3 -13 8 -9 14 -5 -1 -18 -17 9 -10 19 19 16 7 3 7 -18 -12 -11 12 -15 20 -3 4 -18 1 13 17 -16 -15 -9 -9 15 8 19 -9 9 -17

55 -4 2 -17 16 -4 0 -5 -10 -15 12 10 17 -5 -10 -17 -3 -2 -11 2 -15 5 -20 -14 -5 7 -14 14 10 4 -10 -9 -12 -10 -3 -10 -11 20 7 -10 -20 4 -14 -20 -14 -16 -8 -3 4 5 16 -11 -12 18 16 -17 -10 -2 -14 16 -5 -14 3 -6 11 6 7 3 2 -3 1 2 17 -20 -10 8 -5 -20 17 12 0 18 9 -19 -3 14 4 17 -9 -15 -3 4 -6 -5 10 1 7 -5 14 15 6 14 -10 -16 11 -11 -9 16 14 0 11